<div>                        <script type="text/javascript">window.PlotlyConfig = {MathJaxConfig: 'local'};</script>
        <script src="https://cdn.plot.ly/plotly-2.9.0.min.js"></script>                <div id="a36f9cb9-df41-4bd8-aec4-ac4c13c2f30f" class="plotly-graph-div" style="height:100%; width:100%;"></div>            <script type="text/javascript">                                    window.PLOTLYENV=window.PLOTLYENV || {};                                    if (document.getElementById("a36f9cb9-df41-4bd8-aec4-ac4c13c2f30f")) {                    Plotly.newPlot(                        "a36f9cb9-df41-4bd8-aec4-ac4c13c2f30f",                        [{"coloraxis":"coloraxis","name":"0","z":[[1.0,0.9830754945342907,0.9422478431004997,0.8997973194454583,0.8739743965113045,0.8672495394506085,0.8681155712245157,0.8635050919589489,0.8502173627018931,0.835713027439978,0.8289316825338289,0.8307521697851568,0.8332880720662896,0.8282299771749665,0.815630855458338,0.8042196945076006,0.8027002708348757,0.8104778268693504,0.81717627227696,0.8120883851192031,0.7949865563015146,0.7777934076812544,0.7746527715995147,0.7887925721008756,0.8081739913105871,0.814604274065925,0.7990400742962963,0.7699371444354676,0.7471632470485235,0.7463493793292896,0.7667426886501527,0.792469143513307],[0.9830754945342907,1.0,0.9830754945342908,0.9422478431004997,0.8997973194454584,0.8739743965113045,0.8672495394506083,0.8681155712245154,0.8635050919589488,0.8502173627018931,0.835713027439978,0.828931682533829,0.8307521697851566,0.8332880720662897,0.8282299771749666,0.815630855458338,0.8042196945076004,0.8027002708348757,0.8104778268693505,0.81717627227696,0.812088385119203,0.7949865563015148,0.7777934076812542,0.7746527715995147,0.7887925721008757,0.8081739913105872,0.8146042740659248,0.7990400742962962,0.7699371444354678,0.7471632470485233,0.7463493793292896,0.7667426886501526],[0.9422478431004997,0.9830754945342908,1.0,0.9830754945342904,0.9422478431004996,0.8997973194454582,0.8739743965113044,0.8672495394506083,0.8681155712245155,0.8635050919589489,0.8502173627018931,0.835713027439978,0.8289316825338289,0.830752169785157,0.8332880720662897,0.8282299771749666,0.8156308554583379,0.8042196945076004,0.8027002708348757,0.8104778268693503,0.8171762722769599,0.8120883851192032,0.7949865563015147,0.7777934076812543,0.7746527715995147,0.7887925721008756,0.8081739913105872,0.814604274065925,0.7990400742962964,0.7699371444354677,0.7471632470485234,0.7463493793292895],[0.8997973194454583,0.9422478431004997,0.9830754945342904,1.0,0.9830754945342906,0.9422478431004996,0.8997973194454584,0.8739743965113043,0.8672495394506083,0.8681155712245155,0.8635050919589489,0.850217362701893,0.835713027439978,0.8289316825338289,0.8307521697851569,0.8332880720662896,0.8282299771749665,0.815630855458338,0.8042196945076007,0.8027002708348758,0.8104778268693504,0.81717627227696,0.8120883851192031,0.7949865563015147,0.7777934076812542,0.7746527715995148,0.7887925721008756,0.8081739913105872,0.8146042740659251,0.7990400742962961,0.7699371444354678,0.7471632470485234],[0.8739743965113045,0.8997973194454584,0.9422478431004996,0.9830754945342906,1.0,0.9830754945342906,0.9422478431004997,0.8997973194454583,0.8739743965113044,0.8672495394506083,0.8681155712245154,0.8635050919589488,0.8502173627018931,0.835713027439978,0.828931682533829,0.8307521697851568,0.8332880720662899,0.8282299771749665,0.815630855458338,0.8042196945076004,0.8027002708348756,0.8104778268693505,0.8171762722769599,0.812088385119203,0.7949865563015147,0.7777934076812542,0.7746527715995147,0.7887925721008756,0.8081739913105873,0.814604274065925,0.7990400742962963,0.7699371444354677],[0.8672495394506085,0.8739743965113045,0.8997973194454582,0.9422478431004996,0.9830754945342906,1.0,0.9830754945342907,0.9422478431004996,0.8997973194454583,0.8739743965113044,0.8672495394506085,0.8681155712245154,0.8635050919589488,0.850217362701893,0.835713027439978,0.8289316825338289,0.8307521697851568,0.8332880720662897,0.8282299771749667,0.815630855458338,0.8042196945076004,0.8027002708348758,0.8104778268693503,0.81717627227696,0.812088385119203,0.7949865563015146,0.777793407681254,0.7746527715995148,0.7887925721008757,0.8081739913105871,0.8146042740659252,0.7990400742962962],[0.8681155712245157,0.8672495394506083,0.8739743965113044,0.8997973194454584,0.9422478431004997,0.9830754945342907,1.0,0.9830754945342907,0.9422478431004996,0.8997973194454583,0.8739743965113043,0.8672495394506082,0.8681155712245155,0.863505091958949,0.8502173627018931,0.835713027439978,0.828931682533829,0.8307521697851568,0.8332880720662899,0.8282299771749665,0.8156308554583378,0.8042196945076007,0.8027002708348756,0.8104778268693504,0.81717627227696,0.8120883851192031,0.7949865563015147,0.7777934076812543,0.7746527715995148,0.7887925721008757,0.8081739913105871,0.814604274065925],[0.8635050919589489,0.8681155712245154,0.8672495394506083,0.8739743965113043,0.8997973194454583,0.9422478431004996,0.9830754945342907,1.0,0.9830754945342906,0.9422478431004997,0.8997973194454582,0.8739743965113044,0.8672495394506085,0.8681155712245157,0.8635050919589488,0.8502173627018931,0.835713027439978,0.8289316825338289,0.8307521697851569,0.8332880720662897,0.8282299771749666,0.8156308554583378,0.8042196945076004,0.8027002708348756,0.8104778268693504,0.8171762722769599,0.8120883851192031,0.7949865563015147,0.7777934076812544,0.7746527715995146,0.7887925721008757,0.8081739913105872],[0.8502173627018931,0.8635050919589488,0.8681155712245155,0.8672495394506083,0.8739743965113044,0.8997973194454583,0.9422478431004996,0.9830754945342906,1.0,0.9830754945342907,0.9422478431004996,0.8997973194454583,0.8739743965113044,0.8672495394506083,0.8681155712245157,0.863505091958949,0.850217362701893,0.8357130274399779,0.8289316825338291,0.8307521697851568,0.8332880720662897,0.8282299771749667,0.8156308554583379,0.8042196945076006,0.8027002708348756,0.8104778268693503,0.8171762722769599,0.8120883851192031,0.7949865563015148,0.7777934076812543,0.7746527715995146,0.7887925721008756],[0.835713027439978,0.8502173627018931,0.8635050919589489,0.8681155712245155,0.8672495394506083,0.8739743965113044,0.8997973194454583,0.9422478431004997,0.9830754945342907,1.0,0.9830754945342906,0.9422478431004996,0.8997973194454583,0.8739743965113043,0.8672495394506085,0.8681155712245157,0.8635050919589489,0.850217362701893,0.8357130274399781,0.828931682533829,0.8307521697851569,0.83328807206629,0.8282299771749666,0.8156308554583379,0.8042196945076006,0.8027002708348756,0.8104778268693503,0.81717627227696,0.8120883851192031,0.7949865563015147,0.7777934076812542,0.7746527715995147],[0.8289316825338289,0.835713027439978,0.8502173627018931,0.8635050919589489,0.8681155712245154,0.8672495394506085,0.8739743965113043,0.8997973194454582,0.9422478431004996,0.9830754945342906,1.0,0.9830754945342906,0.9422478431004996,0.8997973194454583,0.8739743965113043,0.8672495394506083,0.8681155712245154,0.8635050919589488,0.8502173627018932,0.835713027439978,0.828931682533829,0.8307521697851569,0.8332880720662897,0.8282299771749666,0.8156308554583379,0.8042196945076006,0.8027002708348756,0.8104778268693504,0.81717627227696,0.812088385119203,0.7949865563015147,0.7777934076812542],[0.8307521697851568,0.828931682533829,0.835713027439978,0.850217362701893,0.8635050919589488,0.8681155712245154,0.8672495394506082,0.8739743965113044,0.8997973194454583,0.9422478431004996,0.9830754945342906,1.0,0.9830754945342906,0.9422478431004996,0.8997973194454583,0.8739743965113044,0.8672495394506083,0.8681155712245155,0.863505091958949,0.8502173627018931,0.835713027439978,0.8289316825338291,0.8307521697851568,0.8332880720662896,0.8282299771749666,0.8156308554583379,0.8042196945076004,0.8027002708348756,0.8104778268693504,0.81717627227696,0.8120883851192031,0.7949865563015146],[0.8332880720662896,0.8307521697851566,0.8289316825338289,0.835713027439978,0.8502173627018931,0.8635050919589488,0.8681155712245155,0.8672495394506085,0.8739743965113044,0.8997973194454583,0.9422478431004996,0.9830754945342906,1.0,0.9830754945342906,0.9422478431004995,0.8997973194454583,0.8739743965113043,0.8672495394506086,0.8681155712245157,0.8635050919589489,0.8502173627018932,0.835713027439978,0.8289316825338289,0.8307521697851568,0.8332880720662897,0.8282299771749666,0.8156308554583378,0.8042196945076004,0.8027002708348758,0.8104778268693504,0.8171762722769598,0.8120883851192031],[0.8282299771749665,0.8332880720662897,0.830752169785157,0.8289316825338289,0.835713027439978,0.850217362701893,0.863505091958949,0.8681155712245157,0.8672495394506083,0.8739743965113043,0.8997973194454583,0.9422478431004996,0.9830754945342906,1.0,0.9830754945342908,0.9422478431004997,0.8997973194454584,0.8739743965113042,0.8672495394506085,0.8681155712245155,0.8635050919589488,0.8502173627018931,0.835713027439978,0.8289316825338288,0.8307521697851568,0.8332880720662897,0.8282299771749665,0.8156308554583378,0.8042196945076007,0.8027002708348755,0.8104778268693504,0.8171762722769599],[0.815630855458338,0.8282299771749666,0.8332880720662897,0.8307521697851569,0.828931682533829,0.835713027439978,0.8502173627018931,0.8635050919589488,0.8681155712245157,0.8672495394506085,0.8739743965113043,0.8997973194454583,0.9422478431004995,0.9830754945342908,1.0,0.9830754945342907,0.9422478431004997,0.8997973194454582,0.8739743965113044,0.8672495394506085,0.8681155712245155,0.8635050919589491,0.850217362701893,0.835713027439978,0.8289316825338288,0.8307521697851569,0.8332880720662897,0.8282299771749666,0.8156308554583381,0.8042196945076006,0.8027002708348755,0.8104778268693503],[0.8042196945076006,0.815630855458338,0.8282299771749666,0.8332880720662896,0.8307521697851568,0.8289316825338289,0.835713027439978,0.8502173627018931,0.863505091958949,0.8681155712245157,0.8672495394506083,0.8739743965113044,0.8997973194454583,0.9422478431004997,0.9830754945342907,1.0,0.9830754945342906,0.9422478431004996,0.8997973194454583,0.8739743965113044,0.8672495394506085,0.8681155712245157,0.8635050919589489,0.8502173627018931,0.835713027439978,0.8289316825338289,0.8307521697851568,0.8332880720662899,0.8282299771749666,0.8156308554583379,0.8042196945076004,0.8027002708348756],[0.8027002708348757,0.8042196945076004,0.8156308554583379,0.8282299771749665,0.8332880720662899,0.8307521697851568,0.828931682533829,0.835713027439978,0.850217362701893,0.8635050919589489,0.8681155712245154,0.8672495394506083,0.8739743965113043,0.8997973194454584,0.9422478431004997,0.9830754945342906,1.0000000000000002,0.9830754945342906,0.9422478431004998,0.8997973194454583,0.8739743965113043,0.8672495394506085,0.8681155712245154,0.8635050919589489,0.8502173627018931,0.8357130274399781,0.828931682533829,0.8307521697851568,0.8332880720662899,0.8282299771749666,0.8156308554583378,0.8042196945076004],[0.8104778268693504,0.8027002708348757,0.8042196945076004,0.815630855458338,0.8282299771749665,0.8332880720662897,0.8307521697851568,0.8289316825338289,0.8357130274399779,0.850217362701893,0.8635050919589488,0.8681155712245155,0.8672495394506086,0.8739743965113042,0.8997973194454582,0.9422478431004996,0.9830754945342906,1.0,0.9830754945342907,0.9422478431004996,0.8997973194454582,0.8739743965113044,0.8672495394506083,0.8681155712245157,0.8635050919589489,0.8502173627018932,0.8357130274399781,0.8289316825338291,0.8307521697851569,0.8332880720662896,0.8282299771749667,0.8156308554583379],[0.81717627227696,0.8104778268693505,0.8027002708348757,0.8042196945076007,0.815630855458338,0.8282299771749667,0.8332880720662899,0.8307521697851569,0.8289316825338291,0.8357130274399781,0.8502173627018932,0.863505091958949,0.8681155712245157,0.8672495394506085,0.8739743965113044,0.8997973194454583,0.9422478431004998,0.9830754945342907,1.0000000000000002,0.9830754945342907,0.9422478431004998,0.8997973194454586,0.8739743965113045,0.8672495394506085,0.8681155712245155,0.8635050919589491,0.8502173627018933,0.8357130274399781,0.8289316825338291,0.8307521697851569,0.83328807206629,0.8282299771749668],[0.8120883851192031,0.81717627227696,0.8104778268693503,0.8027002708348758,0.8042196945076004,0.815630855458338,0.8282299771749665,0.8332880720662897,0.8307521697851568,0.828931682533829,0.835713027439978,0.8502173627018931,0.8635050919589489,0.8681155712245155,0.8672495394506085,0.8739743965113044,0.8997973194454583,0.9422478431004996,0.9830754945342907,1.0,0.9830754945342907,0.9422478431004998,0.8997973194454583,0.8739743965113043,0.8672495394506085,0.8681155712245155,0.8635050919589488,0.850217362701893,0.8357130274399781,0.8289316825338289,0.8307521697851568,0.8332880720662899],[0.7949865563015146,0.812088385119203,0.8171762722769599,0.8104778268693504,0.8027002708348756,0.8042196945076004,0.8156308554583378,0.8282299771749666,0.8332880720662897,0.8307521697851569,0.828931682533829,0.835713027439978,0.8502173627018932,0.8635050919589488,0.8681155712245155,0.8672495394506085,0.8739743965113043,0.8997973194454582,0.9422478431004998,0.9830754945342907,1.0,0.9830754945342907,0.9422478431004997,0.8997973194454584,0.8739743965113043,0.8672495394506083,0.8681155712245155,0.8635050919589488,0.8502173627018932,0.835713027439978,0.8289316825338289,0.8307521697851569],[0.7777934076812544,0.7949865563015148,0.8120883851192032,0.81717627227696,0.8104778268693505,0.8027002708348758,0.8042196945076007,0.8156308554583378,0.8282299771749667,0.83328807206629,0.8307521697851569,0.8289316825338291,0.835713027439978,0.8502173627018931,0.8635050919589491,0.8681155712245157,0.8672495394506085,0.8739743965113044,0.8997973194454586,0.9422478431004998,0.9830754945342907,1.0000000000000002,0.9830754945342907,0.9422478431004996,0.8997973194454584,0.8739743965113044,0.8672495394506086,0.8681155712245158,0.8635050919589491,0.850217362701893,0.8357130274399782,0.828931682533829],[0.7746527715995147,0.7777934076812542,0.7949865563015147,0.8120883851192031,0.8171762722769599,0.8104778268693503,0.8027002708348756,0.8042196945076004,0.8156308554583379,0.8282299771749666,0.8332880720662897,0.8307521697851568,0.8289316825338289,0.835713027439978,0.850217362701893,0.8635050919589489,0.8681155712245154,0.8672495394506083,0.8739743965113045,0.8997973194454583,0.9422478431004997,0.9830754945342907,1.0,0.9830754945342907,0.9422478431004997,0.8997973194454583,0.8739743965113044,0.8672495394506085,0.8681155712245155,0.8635050919589489,0.8502173627018931,0.835713027439978],[0.7887925721008756,0.7746527715995147,0.7777934076812543,0.7949865563015147,0.812088385119203,0.81717627227696,0.8104778268693504,0.8027002708348756,0.8042196945076006,0.8156308554583379,0.8282299771749666,0.8332880720662896,0.8307521697851568,0.8289316825338288,0.835713027439978,0.8502173627018931,0.8635050919589489,0.8681155712245157,0.8672495394506085,0.8739743965113043,0.8997973194454584,0.9422478431004996,0.9830754945342907,1.0,0.9830754945342907,0.9422478431004996,0.8997973194454584,0.8739743965113043,0.8672495394506085,0.8681155712245155,0.8635050919589489,0.850217362701893],[0.8081739913105871,0.7887925721008757,0.7746527715995147,0.7777934076812542,0.7949865563015147,0.812088385119203,0.81717627227696,0.8104778268693504,0.8027002708348756,0.8042196945076006,0.8156308554583379,0.8282299771749666,0.8332880720662897,0.8307521697851568,0.8289316825338288,0.835713027439978,0.8502173627018931,0.8635050919589489,0.8681155712245155,0.8672495394506085,0.8739743965113043,0.8997973194454584,0.9422478431004997,0.9830754945342907,1.0,0.9830754945342907,0.9422478431004996,0.8997973194454584,0.8739743965113044,0.8672495394506082,0.8681155712245154,0.8635050919589489],[0.814604274065925,0.8081739913105872,0.7887925721008756,0.7746527715995148,0.7777934076812542,0.7949865563015146,0.8120883851192031,0.8171762722769599,0.8104778268693503,0.8027002708348756,0.8042196945076006,0.8156308554583379,0.8282299771749666,0.8332880720662897,0.8307521697851569,0.8289316825338289,0.8357130274399781,0.8502173627018932,0.8635050919589491,0.8681155712245155,0.8672495394506083,0.8739743965113044,0.8997973194454583,0.9422478431004996,0.9830754945342907,1.0,0.9830754945342907,0.9422478431004996,0.8997973194454584,0.8739743965113042,0.8672495394506085,0.8681155712245155],[0.7990400742962963,0.8146042740659248,0.8081739913105872,0.7887925721008756,0.7746527715995147,0.777793407681254,0.7949865563015147,0.8120883851192031,0.8171762722769599,0.8104778268693503,0.8027002708348756,0.8042196945076004,0.8156308554583378,0.8282299771749665,0.8332880720662897,0.8307521697851568,0.828931682533829,0.8357130274399781,0.8502173627018933,0.8635050919589488,0.8681155712245155,0.8672495394506086,0.8739743965113044,0.8997973194454584,0.9422478431004996,0.9830754945342907,1.0000000000000002,0.9830754945342907,0.9422478431004998,0.8997973194454583,0.8739743965113042,0.8672495394506083],[0.7699371444354676,0.7990400742962962,0.814604274065925,0.8081739913105872,0.7887925721008756,0.7746527715995148,0.7777934076812543,0.7949865563015147,0.8120883851192031,0.81717627227696,0.8104778268693504,0.8027002708348756,0.8042196945076004,0.8156308554583378,0.8282299771749666,0.8332880720662899,0.8307521697851568,0.8289316825338291,0.8357130274399781,0.850217362701893,0.8635050919589488,0.8681155712245158,0.8672495394506085,0.8739743965113043,0.8997973194454584,0.9422478431004996,0.9830754945342907,1.0,0.9830754945342907,0.9422478431004996,0.8997973194454583,0.8739743965113043],[0.7471632470485235,0.7699371444354678,0.7990400742962964,0.8146042740659251,0.8081739913105873,0.7887925721008757,0.7746527715995148,0.7777934076812544,0.7949865563015148,0.8120883851192031,0.81717627227696,0.8104778268693504,0.8027002708348758,0.8042196945076007,0.8156308554583381,0.8282299771749666,0.8332880720662899,0.8307521697851569,0.8289316825338291,0.8357130274399781,0.8502173627018932,0.8635050919589491,0.8681155712245155,0.8672495394506085,0.8739743965113044,0.8997973194454584,0.9422478431004998,0.9830754945342907,1.0,0.9830754945342909,0.9422478431004999,0.8997973194454585],[0.7463493793292896,0.7471632470485233,0.7699371444354677,0.7990400742962961,0.814604274065925,0.8081739913105871,0.7887925721008757,0.7746527715995146,0.7777934076812543,0.7949865563015147,0.812088385119203,0.81717627227696,0.8104778268693504,0.8027002708348755,0.8042196945076006,0.8156308554583379,0.8282299771749666,0.8332880720662896,0.8307521697851569,0.8289316825338289,0.835713027439978,0.850217362701893,0.8635050919589489,0.8681155712245155,0.8672495394506082,0.8739743965113042,0.8997973194454583,0.9422478431004996,0.9830754945342909,1.0,0.9830754945342907,0.9422478431004997],[0.7667426886501527,0.7463493793292896,0.7471632470485234,0.7699371444354678,0.7990400742962963,0.8146042740659252,0.8081739913105871,0.7887925721008757,0.7746527715995146,0.7777934076812542,0.7949865563015147,0.8120883851192031,0.8171762722769598,0.8104778268693504,0.8027002708348755,0.8042196945076004,0.8156308554583378,0.8282299771749667,0.83328807206629,0.8307521697851568,0.8289316825338289,0.8357130274399782,0.8502173627018931,0.8635050919589489,0.8681155712245154,0.8672495394506085,0.8739743965113042,0.8997973194454583,0.9422478431004999,0.9830754945342907,1.0,0.9830754945342906],[0.792469143513307,0.7667426886501526,0.7463493793292895,0.7471632470485234,0.7699371444354677,0.7990400742962962,0.814604274065925,0.8081739913105872,0.7887925721008756,0.7746527715995147,0.7777934076812542,0.7949865563015146,0.8120883851192031,0.8171762722769599,0.8104778268693503,0.8027002708348756,0.8042196945076004,0.8156308554583379,0.8282299771749668,0.8332880720662899,0.8307521697851569,0.828931682533829,0.835713027439978,0.850217362701893,0.8635050919589489,0.8681155712245155,0.8672495394506083,0.8739743965113043,0.8997973194454585,0.9422478431004997,0.9830754945342906,1.0]],"type":"heatmap","xaxis":"x","yaxis":"y","hovertemplate":"x: %{x}<br>y: %{y}<br>color: %{z}<extra></extra>"}],                        {"template":{"data":{"bar":[{"error_x":{"color":"#2a3f5f"},"error_y":{"color":"#2a3f5f"},"marker":{"line":{"color":"#E5ECF6","width":0.5},"pattern":{"fillmode":"overlay","size":10,"solidity":0.2}},"type":"bar"}],"barpolar":[{"marker":{"line":{"color":"#E5ECF6","width":0.5},"pattern":{"fillmode":"overlay","size":10,"solidity":0.2}},"type":"barpolar"}],"carpet":[{"aaxis":{"endlinecolor":"#2a3f5f","gridcolor":"white","linecolor":"white","minorgridcolor":"white","startlinecolor":"#2a3f5f"},"baxis":{"endlinecolor":"#2a3f5f","gridcolor":"white","linecolor":"white","minorgridcolor":"white","startlinecolor":"#2a3f5f"},"type":"carpet"}],"choropleth":[{"colorbar":{"outlinewidth":0,"ticks":""},"type":"choropleth"}],"contour":[{"colorbar":{"outlinewidth":0,"ticks":""},"colorscale":[[0.0,"#0d0887"],[0.1111111111111111,"#46039f"],[0.2222222222222222,"#7201a8"],[0.3333333333333333,"#9c179e"],[0.4444444444444444,"#bd3786"],[0.5555555555555556,"#d8576b"],[0.6666666666666666,"#ed7953"],[0.7777777777777778,"#fb9f3a"],[0.8888888888888888,"#fdca26"],[1.0,"#f0f921"]],"type":"contour"}],"contourcarpet":[{"colorbar":{"outlinewidth":0,"ticks":""},"type":"contourcarpet"}],"heatmap":[{"colorbar":{"outlinewidth":0,"ticks":""},"colorscale":[[0.0,"#0d0887"],[0.1111111111111111,"#46039f"],[0.2222222222222222,"#7201a8"],[0.3333333333333333,"#9c179e"],[0.4444444444444444,"#bd3786"],[0.5555555555555556,"#d8576b"],[0.6666666666666666,"#ed7953"],[0.7777777777777778,"#fb9f3a"],[0.8888888888888888,"#fdca26"],[1.0,"#f0f921"]],"type":"heatmap"}],"heatmapgl":[{"colorbar":{"outlinewidth":0,"ticks":""},"colorscale":[[0.0,"#0d0887"],[0.1111111111111111,"#46039f"],[0.2222222222222222,"#7201a8"],[0.3333333333333333,"#9c179e"],[0.4444444444444444,"#bd3786"],[0.5555555555555556,"#d8576b"],[0.6666666666666666,"#ed7953"],[0.7777777777777778,"#fb9f3a"],[0.8888888888888888,"#fdca26"],[1.0,"#f0f921"]],"type":"heatmapgl"}],"histogram":[{"marker":{"pattern":{"fillmode":"overlay","size":10,"solidity":0.2}},"type":"histogram"}],"histogram2d":[{"colorbar":{"outlinewidth":0,"ticks":""},"colorscale":[[0.0,"#0d0887"],[0.1111111111111111,"#46039f"],[0.2222222222222222,"#7201a8"],[0.3333333333333333,"#9c179e"],[0.4444444444444444,"#bd3786"],[0.5555555555555556,"#d8576b"],[0.6666666666666666,"#ed7953"],[0.7777777777777778,"#fb9f3a"],[0.8888888888888888,"#fdca26"],[1.0,"#f0f921"]],"type":"histogram2d"}],"histogram2dcontour":[{"colorbar":{"outlinewidth":0,"ticks":""},"colorscale":[[0.0,"#0d0887"],[0.1111111111111111,"#46039f"],[0.2222222222222222,"#7201a8"],[0.3333333333333333,"#9c179e"],[0.4444444444444444,"#bd3786"],[0.5555555555555556,"#d8576b"],[0.6666666666666666,"#ed7953"],[0.7777777777777778,"#fb9f3a"],[0.8888888888888888,"#fdca26"],[1.0,"#f0f921"]],"type":"histogram2dcontour"}],"mesh3d":[{"colorbar":{"outlinewidth":0,"ticks":""},"type":"mesh3d"}],"parcoords":[{"line":{"colorbar":{"outlinewidth":0,"ticks":""}},"type":"parcoords"}],"pie":[{"automargin":true,"type":"pie"}],"scatter":[{"marker":{"colorbar":{"outlinewidth":0,"ticks":""}},"type":"scatter"}],"scatter3d":[{"line":{"colorbar":{"outlinewidth":0,"ticks":""}},"marker":{"colorbar":{"outlinewidth":0,"ticks":""}},"type":"scatter3d"}],"scattercarpet":[{"marker":{"colorbar":{"outlinewidth":0,"ticks":""}},"type":"scattercarpet"}],"scattergeo":[{"marker":{"colorbar":{"outlinewidth":0,"ticks":""}},"type":"scattergeo"}],"scattergl":[{"marker":{"colorbar":{"outlinewidth":0,"ticks":""}},"type":"scattergl"}],"scattermapbox":[{"marker":{"colorbar":{"outlinewidth":0,"ticks":""}},"type":"scattermapbox"}],"scatterpolar":[{"marker":{"colorbar":{"outlinewidth":0,"ticks":""}},"type":"scatterpolar"}],"scatterpolargl":[{"marker":{"colorbar":{"outlinewidth":0,"ticks":""}},"type":"scatterpolargl"}],"scatterternary":[{"marker":{"colorbar":{"outlinewidth":0,"ticks":""}},"type":"scatterternary"}],"surface":[{"colorbar":{"outlinewidth":0,"ticks":""},"colorscale":[[0.0,"#0d0887"],[0.1111111111111111,"#46039f"],[0.2222222222222222,"#7201a8"],[0.3333333333333333,"#9c179e"],[0.4444444444444444,"#bd3786"],[0.5555555555555556,"#d8576b"],[0.6666666666666666,"#ed7953"],[0.7777777777777778,"#fb9f3a"],[0.8888888888888888,"#fdca26"],[1.0,"#f0f921"]],"type":"surface"}],"table":[{"cells":{"fill":{"color":"#EBF0F8"},"line":{"color":"white"}},"header":{"fill":{"color":"#C8D4E3"},"line":{"color":"white"}},"type":"table"}]},"layout":{"annotationdefaults":{"arrowcolor":"#2a3f5f","arrowhead":0,"arrowwidth":1},"autotypenumbers":"strict","coloraxis":{"colorbar":{"outlinewidth":0,"ticks":""}},"colorscale":{"diverging":[[0,"#8e0152"],[0.1,"#c51b7d"],[0.2,"#de77ae"],[0.3,"#f1b6da"],[0.4,"#fde0ef"],[0.5,"#f7f7f7"],[0.6,"#e6f5d0"],[0.7,"#b8e186"],[0.8,"#7fbc41"],[0.9,"#4d9221"],[1,"#276419"]],"sequential":[[0.0,"#0d0887"],[0.1111111111111111,"#46039f"],[0.2222222222222222,"#7201a8"],[0.3333333333333333,"#9c179e"],[0.4444444444444444,"#bd3786"],[0.5555555555555556,"#d8576b"],[0.6666666666666666,"#ed7953"],[0.7777777777777778,"#fb9f3a"],[0.8888888888888888,"#fdca26"],[1.0,"#f0f921"]],"sequentialminus":[[0.0,"#0d0887"],[0.1111111111111111,"#46039f"],[0.2222222222222222,"#7201a8"],[0.3333333333333333,"#9c179e"],[0.4444444444444444,"#bd3786"],[0.5555555555555556,"#d8576b"],[0.6666666666666666,"#ed7953"],[0.7777777777777778,"#fb9f3a"],[0.8888888888888888,"#fdca26"],[1.0,"#f0f921"]]},"colorway":["#636efa","#EF553B","#00cc96","#ab63fa","#FFA15A","#19d3f3","#FF6692","#B6E880","#FF97FF","#FECB52"],"font":{"color":"#2a3f5f"},"geo":{"bgcolor":"white","lakecolor":"white","landcolor":"#E5ECF6","showlakes":true,"showland":true,"subunitcolor":"white"},"hoverlabel":{"align":"left"},"hovermode":"closest","mapbox":{"style":"light"},"paper_bgcolor":"white","plot_bgcolor":"#E5ECF6","polar":{"angularaxis":{"gridcolor":"white","linecolor":"white","ticks":""},"bgcolor":"#E5ECF6","radialaxis":{"gridcolor":"white","linecolor":"white","ticks":""}},"scene":{"xaxis":{"backgroundcolor":"#E5ECF6","gridcolor":"white","gridwidth":2,"linecolor":"white","showbackground":true,"ticks":"","zerolinecolor":"white"},"yaxis":{"backgroundcolor":"#E5ECF6","gridcolor":"white","gridwidth":2,"linecolor":"white","showbackground":true,"ticks":"","zerolinecolor":"white"},"zaxis":{"backgroundcolor":"#E5ECF6","gridcolor":"white","gridwidth":2,"linecolor":"white","showbackground":true,"ticks":"","zerolinecolor":"white"}},"shapedefaults":{"line":{"color":"#2a3f5f"}},"ternary":{"aaxis":{"gridcolor":"white","linecolor":"white","ticks":""},"baxis":{"gridcolor":"white","linecolor":"white","ticks":""},"bgcolor":"#E5ECF6","caxis":{"gridcolor":"white","linecolor":"white","ticks":""}},"title":{"x":0.05},"xaxis":{"automargin":true,"gridcolor":"white","linecolor":"white","ticks":"","title":{"standoff":15},"zerolinecolor":"white","zerolinewidth":2},"yaxis":{"automargin":true,"gridcolor":"white","linecolor":"white","ticks":"","title":{"standoff":15},"zerolinecolor":"white","zerolinewidth":2}}},"xaxis":{"anchor":"y","domain":[0.0,1.0],"scaleanchor":"y","constrain":"domain","title":{"text":"Position"}},"yaxis":{"anchor":"x","domain":[0.0,1.0],"autorange":"reversed","constrain":"domain","title":{"text":"Position"}},"coloraxis":{"colorscale":[[0.0,"rgb(247,251,255)"],[0.125,"rgb(222,235,247)"],[0.25,"rgb(198,219,239)"],[0.375,"rgb(158,202,225)"],[0.5,"rgb(107,174,214)"],[0.625,"rgb(66,146,198)"],[0.75,"rgb(33,113,181)"],[0.875,"rgb(8,81,156)"],[1.0,"rgb(8,48,107)"]]},"margin":{"t":60},"title":{"text":"Dot product of positional embeddings","x":0.5}},                        {"responsive": true}                    )                };                            </script>        </div>